# Default initial positions for fairino5_v6_robot's ros2_control fake system

initial_positions:
  finger_joint1: 0.0
  j1: 0.0
  j2: -1.5707963
  j3: 1.5309
  j4: -1.5707963
  j5: -1.5707963
  j6: -0.7087